<?xml version="1.0" encoding="utf-8"?>
<opencv_storage>
   <HL type_id="opencv-matrix">
      <rows>3</rows>
      <cols>4</cols>
      <dt>d</dt>
      <data>1.369787e+03 -4.791212e-02 6.203269e+02 0 0 1.369371e+03 4.394241e+02 0 0 0 1 0 </data>
   </HL>
</opencv_storage>