<?xml version="1.0" encoding="utf-8"?>
<opencv_storage>
   <HR type_id="opencv-matrix">
      <rows>3</rows>
      <cols>4</cols>
      <dt>d</dt>
      <data>1.215623e+03 -9.589885e+00 8.879250e+02 -1.627887e+05 -8.649396e+01 1.362036e+03 4.505679e+02 4.689369e+03 -1.969243e-01 -8.892149e-03 9.803784e-01 1.085955e+01 </data>
   </HR>
</opencv_storage>